50
24
0
0
0
2 15 20
0
1 16
0
0
2 13 4
0
2 10 22
2 23 17
0
2 8 24
0
0
2 2 21
2 7 14
0
2 5 12
2 3 18
2 1 9
0
2 19 6
24
0
1 15
0
2 3 13
0
2 2 15
0
2 22 10
0
2 20 21
0
0
2 12 23
2 11 6
1 16
0
2 9 14
2 7 8
0
0
2 1 24
0
2 5 17
2 19 4
24
2 13 23
1 11
2 22 5
0
1 6
0
2 19 8
1 24
2 16 2
0
0
2 18 14
1 10
1 21
1 4
1 11
2 20 15
1 21
1 24
1 4
0
1 6
1 10
0
25
1 8
1 8
1 8
1 8
1 8
1 8
1 8
0
1 8
1 8
1 8
1 8
1 8
1 8
1 8
1 8
1 8
1 8
1 8
1 8
1 8
1 8
1 8
1 8
1 8
25
1 14
1 16
1 11
0
1 4
1 3
1 8
1 13
1 18
1 25
1 1
1 2
1 23
1 10
1 12
1 20
1 6
1 24
1 22
1 7
1 5
1 17
1 19
1 21
1 9
25
0
1 12
1 10
1 23
1 24
1 4
1 3
1 2
1 21
1 9
1 7
1 17
1 11
1 20
1 1
1 22
1 19
1 8
1 16
1 13
1 5
1 6
1 14
1 15
2 18 1
25
0
2 16 25
2 14 7
0
2 20 10
2 2 11
2 18 24
0
0
0
2 22 5
0
0
2 17 19
0
1 15
1 9
1 13
1 12
0
0
1 1
2 6 3
2 8 4
1 21
25
0
2 9 20
1 5
2 10 18
1 1
2 25 8
1 1
2 12 17
1 1
2 19 13
2 6 4
1 16
1 23
1 1
1 21
1 1
1 14
2 15 2
1 7
1 1
1 1
1 1
1 1
1 22
2 24 3
24
1 14
1 12
1 17
1 23
1 20
1 14
1 21
1 9
1 11
1 6
1 16
1 3
1 22
0
2 4 7
1 1
1 18
1 10
1 24
1 8
1 19
1 5
1 13
1 2
20
0
0
10 20 1 18 16 13 15 7 5 2 8
10 20 1 18 16 13 15 7 5 2 8
0
10 20 1 18 16 13 15 7 5 2 8
0
0
10 20 1 18 16 13 15 7 5 2 8
10 20 1 18 16 13 15 7 5 2 8
10 20 1 18 16 13 15 7 5 2 8
10 20 1 18 16 13 15 7 5 2 8
0
10 20 1 18 16 13 15 7 5 2 8
0
0
10 20 1 18 16 13 15 7 5 2 8
0
10 20 1 18 16 13 15 7 5 2 8
0
50
0
0
0
2 37 45
0
0
2 20 10
2 1 11
2 28 19
2 2 8
2 33 49
0
2 5 46
2 24 27
0
0
0
0
2 17 36
0
2 29 35
2 50 30
2 34 44
0
0
2 25 9
2 40 22
0
0
2 3 4
2 16 21
2 18 7
0
0
2 48 13
2 12 31
0
0
2 15 47
0
0
0
0
2 6 32
2 43 23
1 38
2 41 26
0
2 42 39
0
50
2 20 3
0
2 13 38
2 25 18
0
2 17 47
2 8 42
0
2 45 4
0
2 16 9
0
0
0
2 10 19
0
0
2 35 21
2 41 44
0
2 26 27
0
0
1 23
0
0
2 14 48
2 39 34
0
2 12 15
0
0
2 22 49
2 46 11
0
2 43 30
1 24
2 32 50
0
0
0
2 37 24
0
2 29 28
0
0
2 40 36
2 5 1
2 2 6
2 31 7
48
2 44 43
1 37
1 13
0
0
1 5
2 26 48
2 36 2
2 20 33
0
2 22 6
2 41 30
0
1 10
1 40
1 10
0
2 47 39
0
1 25
2 15 28
1 5
0
1 13
0
1 17
1 23
1 40
2 46 27
1 4
1 19
0
1 25
0
2 3 24
1 37
0
2 31 42
1 32
0
1 4
1 19
1 34
1 34
2 14 16
1 23
1 32
1 17
50
1 40
1 40
1 40
1 40
1 40
1 40
1 40
1 40
1 40
1 40
1 40
1 40
1 40
1 40
1 40
1 40
1 40
1 40
1 40
1 40
1 40
1 40
1 40
1 40
1 40
1 40
1 40
1 40
1 40
1 40
1 40
1 40
1 40
1 40
1 40
1 40
1 40
1 40
1 40
0
1 40
1 40
1 40
1 40
1 40
1 40
1 40
1 40
1 40
1 40
50
1 26
1 16
1 43
1 19
1 6
1 28
1 44
1 24
1 22
1 20
1 17
1 47
1 49
1 32
1 11
1 4
1 38
1 1
1 5
1 23
1 25
1 12
1 30
1 50
1 31
1 48
0
1 45
1 7
1 21
1 34
1 40
1 37
1 2
1 10
1 29
1 27
1 35
1 33
1 41
1 8
1 13
1 46
1 14
1 3
1 39
1 18
1 15
1 9
1 42
50
1 44
1 9
0
1 23
1 29
1 17
1 25
1 4
1 33
1 47
1 46
1 7
1 22
1 12
1 21
1 32
1 2
2 50 3
1 30
1 40
1 42
1 19
1 3
1 20
1 41
1 45
1 1
1 8
1 34
1 16
1 48
1 27
1 43
1 13
1 11
1 31
1 49
1 37
1 36
1 6
1 38
1 26
1 14
1 10
1 28
1 39
1 24
1 5
1 15
1 35
50
2 6 30
2 42 32
2 41 34
0
0
1 18
1 33
1 5
0
0
2 43 20
0
2 22 2
2 17 31
2 16 19
2 50 40
1 29
0
2 27 26
2 38 36
2 23 46
2 15 21
2 8 28
0
1 45
1 12
1 44
1 37
0
2 4 39
1 49
2 35 11
0
0
2 7 47
0
0
0
0
1 48
0
2 14 1
1 9
0
0
2 25 3
1 10
0
0
1 24
50
2 9 47
1 15
2 34 33
1 29
1 7
1 11
1 11
1 49
2 46 36
2 19 39
0
1 6
1 11
1 11
1 11
1 31
1 11
1 11
1 11
2 32 38
1 42
1 40
1 11
1 23
1 11
2 1 50
1 13
1 17
1 11
1 18
1 11
2 28 22
2 4 44
2 2 21
2 37 48
2 24 41
1 11
2 27 10
1 11
1 11
1 14
1 11
2 16 35
1 25
2 30 8
2 12 5
2 45 43
1 11
1 11
2 3 20
50
1 50
1 42
1 41
1 21
1 24
1 5
1 1
1 9
0
1 6
1 30
1 3
1 27
1 38
1 49
1 13
1 33
1 19
1 26
1 40
1 32
1 4
1 10
1 9
1 2
1 39
1 18
1 14
1 28
1 7
1 29
1 44
1 47
1 16
1 20
1 23
2 15 48
1 25
1 36
1 8
1 45
1 22
1 35
1 17
1 34
1 43
1 46
1 11
1 31
1 12
50
10 28 21 32 7 3 40 10 30 34 2
10 41 20 17 14 49 9 19 24 26 33
10 41 20 17 14 49 9 19 24 26 33
10 6 48 42 35 39 31 22 8 16 11
10 6 48 42 35 39 31 22 8 16 11
10 38 36 46 18 25 47 15 23 1 43
10 41 20 17 14 49 9 19 24 26 33
10 38 36 46 18 25 47 15 23 1 43
0
10 41 20 17 14 49 9 19 24 26 33
10 38 36 46 18 25 47 15 23 1 43
10 6 48 42 35 39 31 22 8 16 11
10 6 48 42 35 39 31 22 8 16 11
0
10 28 21 32 7 3 40 10 30 34 2
10 38 36 46 18 25 47 15 23 1 43
0
10 28 21 32 7 3 40 10 30 34 2
0
0
10 41 20 17 14 49 9 19 24 26 33
10 38 36 46 18 25 47 15 23 1 43
10 28 21 32 7 3 40 10 30 34 2
0
10 28 21 32 7 3 40 10 30 34 2
0
10 6 48 42 35 39 31 22 8 16 11
10 41 20 17 14 49 9 19 24 26 33
10 6 48 42 35 39 31 22 8 16 11
10 41 20 17 14 49 9 19 24 26 33
10 38 36 46 18 25 47 15 23 1 43
10 41 20 17 14 49 9 19 24 26 33
0
10 41 20 17 14 49 9 19 24 26 33
10 38 36 46 18 25 47 15 23 1 43
10 28 21 32 7 3 40 10 30 34 2
10 6 48 42 35 39 31 22 8 16 11
10 28 21 32 7 3 40 10 30 34 2
10 38 36 46 18 25 47 15 23 1 43
10 41 20 17 14 49 9 19 24 26 33
0
10 38 36 46 18 25 47 15 23 1 43
10 28 21 32 7 3 40 10 30 34 2
10 6 48 42 35 39 31 22 8 16 11
10 6 48 42 35 39 31 22 8 16 11
10 28 21 32 7 3 40 10 30 34 2
10 28 21 32 7 3 40 10 30 34 2
10 38 36 46 18 25 47 15 23 1 43
0
10 6 48 42 35 39 31 22 8 16 11
5
1 2
0
2 2 1
0
1 1
5
1 2
0
2 1 4
0
1 1
5
0
1 1
2 5 4
1 5
0
5
1 5
2 4 3
0
0
1 3
5
0
2 5 3
0
2 2 5
0
45
2 36 17
2 8 26
0
0
0
0
0
0
1 11
0
0
0
0
0
0
0
1 28
2 30 14
0
2 14 22
2 28 27
0
3 30 7 3
4 23 41 45 21
0
0
0
1 8
1 10
0
1 20
0
3 25 27 17
2 9 22
1 38
3 30 40 8
4 8 2 11 18
3 28 30 4
1 40
1 4
0
1 6
1 38
1 6
2 32 8
47
0
1 17
1 40
0
2 17 2
2 23 20
3 2 28 33
0
0
0
0
2 32 3
0
1 17
3 14 11 46
2 5 1
0
0
0
0
2 24 35
0
0
1 31
3 42 8 14
2 33 8
0
2 40 24
2 17 33
0
0
0
0
1 41
3 3 9 33
1 1
1 2
1 36
1 28
2 24 17
0
1 36
1 20
2 6 13
1 20
2 45 31
1 29
42
0
1 14
1 4
0
1 2
2 39 23
4 5 28 37 3
1 31
3 17 5 13
0
0
0
0
2 29 12
1 13
1 13
0
1 14
0
2 39 13
3 36 4 31
1 11
0
0
1 24
0
0
2 23 16
1 4
2 23 2
0
0
0
3 27 26 28
0
0
4 36 30 29 23
0
0
0
3 39 28 23
2 10 37
43
2 6 14
1 11
2 22 28
4 9 37 6 23
0
2 17 18
0
0
1 5
2 6 12
0
2 26 5
1 11
0
0
1 43
0
0
1 35
2 39 35
3 32 4 8
2 24 8
0
0
0
0
2 41 29
1 8
0
0
0
1 8
0
4 36 38 1 24
1 26
0
3 39 8 38
0
0
3 6 38 9
2 16 2
0
0
48
0
2 40 20
0
0
0
2 47 37
1 17
0
2 43 44
2 34 31
0
0
0
1 11
0
0
0
1 17
0
0
0
2 5 41
2 14 28
0
3 11 41 22
2 18 43
1 24
0
1 34
4 36 26 17 11
1 44
5 16 9 15 42 17
1 30
1 1
2 21 42
2 8 5
1 44
0
0
1 20
2 24 39
0
0
0
1 24
3 38 41 11
0
2 16 44
48
1 27
4 42 28 47 23
1 27
0
1 26
2 5 17
3 3 12 40
1 36
1 17
0
0
1 47
2 1 34
2 36 43
1 45
1 4
0
0
0
2 18 30
0
0
2 6 28
0
2 36 2
0
0
2 26 18
1 28
1 42
0
1 10
2 18 26
1 24
1 34
0
1 11
3 21 41 44
1 17
2 6 34
3 48 6 35
0
0
1 21
0
1 39
0
0
41
1 29
0
3 6 22 2
1 37
1 14
2 40 34
2 14 19
0
0
0
0
5 36 11 39 10 24
0
0
0
2 33 34
2 5 13
2 40 19
1 23
3 16 40 9
2 19 27
0
0
2 11 2
2 17 5
1 13
0
0
0
1 29
0
3 35 41 9
0
1 2
2 37 5
0
0
1 5
1 15
0
0
42
2 2 38
0
0
2 5 41
0
0
1 6
1 28
0
0
0
2 11 2
2 3 23
1 12
1 7
0
2 38 39
1 2
0
1 36
1 25
1 1
1 31
1 3
0
0
0
3 19 10 32
0
0
0
0
0
1 31
1 39
0
1 11
1 7
0
0
1 16
0
43
2 26 7
1 34
0
0
2 21 42
1 3
0
0
0
2 37 17
0
1 16
2 19 17
0
0
1 14
0
0
0
0
0
0
0
1 43
1 6
0
2 16 18
1 42
0
0
1 41
1 33
2 8 34
0
1 15
0
0
0
1 27
2 29 30
0
2 30 15
1 14
48
0
0
0
0
0
2 27 3
1 2
0
2 4 20
0
2 27 12
1 15
2 9 19
0
1 6
0
1 11
0
0
1 32
0
0
0
2 16 47
1 7
0
0
1 23
0
2 36 24
1 10
0
0
1 23
1 40
0
0
1 40
2 18 1
0
1 7
2 5 16
0
3 37 12 31
0
0
0
1 9
40
1 25
1 28
0
2 28 17
1 35
0
1 9
2 25 2
0
2 7 32
0
2 24 1
3 17 6 22
0
0
0
0
0
0
0
2 26 14
0
2 40 18
0
1 40
0
0
0
0
0
0
0
2 1 38
0
0
1 4
2 18 9
1 21
0
0
44
0
0
1 20
0
1 25
1 2
1 13
1 9
0
0
0
0
0
2 29 25
2 7 37
1 44
0
3 29 13 21
0
0
0
4 4 27 23 38
1 38
1 41
0
0
0
1 40
1 20
1 1
2 2 3
1 44
1 21
0
0
1 1
0
0
0
2 21 37
0
0
0
0
45
2 34 24
2 41 44
0
0
0
1 10
1 41
2 10 18
0
1 37
1 38
3 37 16 38
3 29 4 24
3 38 33 43
1 10
0
0
0
0
0
1 24
0
0
1 3
1 34
0
1 10
0
0
1 10
1 14
1 4
0
0
0
0
0
0
0
0
1 45
0
0
1 22
1 5
48
0
0
1 43
1 46
2 22 37
0
0
1 6
0
0
1 23
2 34 2
2 10 5
1 33
0
1 23
0
0
0
0
0
1 26
0
1 1
2 19 26
0
3 22 25 38
1 36
1 19
0
0
1 24
3 9 24 20
1 9
1 41
0
0
0
0
2 3 18
1 34
0
0
1 47
0
0
0
1 38
49
0
0
0
0
1 1
0
2 42 44
0
1 15
0
2 14 20
1 40
0
2 46 40
0
0
0
0
0
1 40
1 5
0
0
0
0
0
2 29 12
2 27 17
0
1 46
1 26
1 49
1 37
0
1 46
3 29 1 15
0
1 49
2 15 40
0
1 31
0
1 35
2 22 19
0
0
1 20
1 12
0
44
1 3
1 40
2 9 44
2 2 17
0
0
0
2 17 15
0
1 29
0
0
1 6
0
1 33
0
0
0
0
1 11
0
1 25
0
2 44 11
2 3 27
0
0
2 40 34
0
1 5
1 41
0
1 42
0
2 2 44
0
1 34
3 5 33 7
0
0
0
0
1 23
0
50
0
0
1 38
0
0
1 17
0
0
0
2 3 32
0
0
2 9 26
0
0
1 44
0
0
2 7 48
0
1 13
1 17
1 34
0
0
0
1 34
2 46 34
0
0
0
0
0
0
2 5 26
1 42
0
0
0
6 15 12 25 48 44 3
3 33 21 50
0
0
2 33 17
1 38
1 38
2 33 18
0
0
0
46
0
1 32
1 5
1 18
0
1 18
0
1 18
0
1 17
0
5 13 7 14 25 15
0
0
0
1 44
1 3
0
2 18 17
0
1 35
1 2
0
0
0
2 30 18
0
1 40
0
2 32 15
2 40 15
0
0
0
0
2 26 7
0
1 32
1 46
0
1 16
0
0
0
1 33
0
50
0
0
0
1 11
0
0
0
0
0
1 2
0
0
0
2 39 44
3 13 31 43
0
0
0
1 27
0
1 23
0
0
0
0
2 42 24
0
0
0
0
0
0
2 34 43
0
1 44
0
0
0
0
1 24
1 8
0
0
0
0
0
0
0
0
0
43
0
0
0
0
0
0
1 13
1 42
0
0
0
0
0
1 24
0
1 1
0
1 11
1 2
0
0
0
0
1 13
0
0
0
0
0
0
0
2 15 24
1 37
0
0
0
0
0
0
0
1 22
0
3 33 32 1
42
0
1 8
1 31
0
0
0
0
0
1 33
1 17
0
1 1
1 12
0
1 32
0
0
0
1 24
0
1 38
0
0
0
0
0
0
0
1 40
0
0
0
0
2 11 14
0
1 8
0
0
0
0
0
1 7
46
0
0
0
0
1 9
0
0
0
0
0
1 33
0
0
0
1 36
1 21
0
0
0
0
1 42
1 3
0
0
1 3
0
1 25
1 14
0
0
0
1 31
0
3 2 39 1
0
0
0
0
0
0
0
0
0
1 8
0
1 4
46
1 37
0
1 36
0
0
0
1 19
0
0
0
0
0
0
0
1 24
1 5
0
1 17
0
1 36
1 10
0
1 34
1 11
0
0
0
0
1 37
0
0
0
0
0
0
1 33
0
0
0
1 42
0
0
0
0
1 37
1 37
47
0
0
0
0
0
0
0
0
2 13 39
0
0
0
0
1 22
1 27
0
0
0
0
1 37
1 38
0
0
0
1 27
0
1 14
0
0
0
0
0
1 24
0
4 15 11 47 22
0
0
0
1 32
1 13
0
0
0
0
0
0
0
45
0
0
0
2 12 40
0
0
0
1 17
0
0
0
0
0
0
0
0
0
0
0
1 22
0
0
1 11
0
0
1 33
2 8 17
0
0
1 29
0
0
0
1 3
0
1 13
2 6 35
0
0
1 32
0
0
1 42
0
0
