50
24
2 6 21
0
2 10 14
2 7 23
2 22 11
0
0
0
2 8 17
0
2 16 1
0
0
2 20 5
2 2 3
0
2 12 24
0
0
0
1 13
0
2 19 15
2 18 4
24
2 7 20
2 6 3
2 4 12
0
2 9 22
0
0
2 24 2
0
0
2 10 1
2 18 23
0
0
0
0
2 16 11
0
1 21
2 13 8
1 15
2 19 21
2 14 5
0
24
2 18 7
1 4
0
0
1 21
0
1 22
2 9 5
1 21
2 2 14
1 19
1 6
1 3
1 4
1 3
1 6
1 19
1 22
0
2 12 16
0
0
2 17 11
2 15 13
25
1 9
1 9
1 9
1 9
1 9
1 9
1 9
1 9
0
1 9
1 9
1 9
1 9
1 9
1 9
1 9
1 9
1 9
1 9
1 9
1 9
1 9
1 9
1 9
1 9
25
1 25
1 9
1 18
1 17
1 3
1 15
1 21
1 16
1 1
1 24
1 20
1 8
1 12
1 13
1 14
1 7
1 22
1 19
1 10
1 5
0
1 11
1 4
1 6
1 23
25
1 9
1 3
1 13
1 2
1 10
1 24
0
1 15
1 12
1 1
1 4
1 18
1 22
1 5
1 20
2 14 7
1 21
1 11
1 25
1 6
1 7
1 8
1 17
1 19
1 23
25
1 10
2 1 9
2 18 12
2 19 11
0
2 3 2
2 25 6
2 22 4
2 5 16
0
0
1 13
0
0
1 17
0
0
1 14
0
2 15 23
0
1 24
1 21
0
2 20 8
25
1 15
1 15
1 23
1 15
2 14 25
2 19 12
2 21 10
1 15
1 15
1 1
1 22
2 3 24
2 20 6
1 9
0
1 4
1 15
1 15
2 11 16
2 5 7
1 17
1 15
1 15
2 2 8
1 18
24
1 13
1 12
1 17
1 1
2 21 7
1 4
1 18
1 6
1 3
1 9
1 12
0
1 11
1 24
1 2
1 19
1 22
1 10
1 15
1 23
1 14
1 16
1 8
1 20
20
0
0
10 19 16 8 4 9 11 7 2 1 18
0
10 19 16 8 4 9 11 7 2 1 18
10 19 16 8 4 9 11 7 2 1 18
0
0
0
10 19 16 8 4 9 11 7 2 1 18
0
10 19 16 8 4 9 11 7 2 1 18
10 19 16 8 4 9 11 7 2 1 18
10 19 16 8 4 9 11 7 2 1 18
10 19 16 8 4 9 11 7 2 1 18
0
10 19 16 8 4 9 11 7 2 1 18
0
0
10 19 16 8 4 9 11 7 2 1 18
50
2 12 5
0
2 22 38
2 16 1
1 2
0
0
0
2 47 21
2 43 39
2 48 20
0
2 30 29
0
2 17 11
0
0
0
2 31 33
2 14 13
2 28 32
0
0
0
2 7 37
0
2 6 3
0
2 34 19
0
0
2 40 10
2 41 25
0
0
0
2 18 42
2 23 15
2 50 44
0
0
2 26 9
0
2 24 4
2 36 46
2 8 27
0
0
2 35 45
0
50
0
2 47 15
2 50 7
0
0
0
2 14 37
0
0
0
2 25 16
0
2 8 49
1 37
2 20 46
2 29 27
0
2 24 26
0
0
0
2 6 11
2 43 2
0
0
2 44 36
2 35 33
0
0
2 9 45
2 39 18
2 10 31
2 19 42
2 5 13
0
2 28 41
1 12
0
0
2 4 34
2 1 22
2 48 3
0
0
2 17 23
2 38 40
0
0
2 21 32
0
48
1 44
2 32 22
1 40
0
0
0
1 5
1 16
2 23 24
2 35 15
0
0
2 42 7
0
1 36
0
1 14
1 14
2 3 26
1 29
1 16
1 11
1 6
1 6
0
1 40
1 12
2 41 46
0
1 29
2 27 43
1 11
2 1 34
1 44
1 36
0
2 45 48
2 17 18
2 20 30
0
1 25
1 5
1 12
0
1 4
1 25
2 8 21
1 4
50
1 30
1 30
1 30
1 30
1 30
1 30
1 30
1 30
1 30
1 30
1 30
1 30
1 30
1 30
1 30
1 30
1 30
1 30
1 30
1 30
1 30
1 30
1 30
1 30
1 30
1 30
1 30
1 30
1 30
0
1 30
1 30
1 30
1 30
1 30
1 30
1 30
1 30
1 30
1 30
1 30
1 30
1 30
1 30
1 30
1 30
1 30
1 30
1 30
1 30
50
1 44
1 1
1 22
1 29
1 31
1 19
1 12
1 21
1 32
1 50
1 43
1 48
1 27
1 46
1 13
1 40
1 35
1 33
1 38
1 17
1 5
1 47
1 30
1 25
1 2
1 3
1 10
1 18
1 42
1 4
1 39
1 11
1 16
1 28
1 23
1 41
1 36
1 49
1 24
0
1 20
1 34
1 37
1 14
1 8
1 26
1 6
1 45
1 15
1 9
50
1 49
1 9
1 40
1 33
1 47
1 15
2 41 45
1 29
1 21
1 45
1 34
1 4
1 19
1 11
1 27
1 31
1 23
1 17
1 2
1 6
1 32
1 35
1 46
1 43
1 26
1 42
1 38
1 30
1 14
1 18
1 44
1 25
1 8
1 13
1 39
1 22
1 24
1 10
1 5
1 12
1 50
1 16
1 36
1 48
0
1 3
1 28
1 20
1 37
1 1
50
1 31
2 47 20
1 24
2 5 23
2 36 35
0
1 30
1 41
2 38 4
1 27
2 2 9
0
2 28 42
0
2 37 39
0
2 8 10
0
1 6
2 43 50
0
2 12 40
2 26 22
0
0
1 14
0
1 16
0
0
0
1 48
0
2 3 1
1 44
1 25
1 18
2 34 13
1 49
0
0
2 33 29
2 19 32
0
0
2 45 21
2 15 17
0
0
2 7 46
50
0
1 42
1 1
1 1
2 6 9
1 4
1 19
1 1
1 45
2 25 40
2 34 14
2 28 17
2 18 12
2 48 24
2 5 22
1 3
1 1
1 21
1 1
1 31
1 1
2 7 2
1 1
2 33 44
2 43 36
2 50 13
1 8
1 1
1 35
1 46
1 1
2 10 26
1 1
2 29 30
1 1
1 23
1 39
1 1
1 1
2 27 16
1 1
1 1
1 41
1 1
1 1
1 1
2 15 11
1 38
2 47 32
2 37 20
50
1 25
1 40
1 44
1 9
1 38
1 24
1 21
1 23
1 28
1 33
1 13
1 6
1 32
1 43
1 2
1 30
1 5
1 19
1 29
1 26
1 16
1 29
1 37
1 47
1 20
1 39
1 14
1 15
0
1 1
1 35
1 4
1 27
1 7
1 45
2 17 48
1 50
1 11
1 46
1 12
1 3
1 10
1 18
1 8
1 42
1 49
1 41
1 34
1 31
1 22
50
10 4 38 14 5 45 48 7 16 29 50
10 43 35 20 1 11 15 28 44 49 17
10 43 35 20 1 11 15 28 44 49 17
0
0
10 43 35 20 1 11 15 28 44 49 17
0
10 43 35 20 1 11 15 28 44 49 17
10 18 12 39 34 21 40 22 25 42 33
10 18 12 39 34 21 40 22 25 42 33
10 4 38 14 5 45 48 7 16 29 50
10 2 19 37 6 3 47 27 8 23 30
10 18 12 39 34 21 40 22 25 42 33
0
10 4 38 14 5 45 48 7 16 29 50
0
10 4 38 14 5 45 48 7 16 29 50
10 2 19 37 6 3 47 27 8 23 30
10 43 35 20 1 11 15 28 44 49 17
10 4 38 14 5 45 48 7 16 29 50
10 2 19 37 6 3 47 27 8 23 30
10 2 19 37 6 3 47 27 8 23 30
10 43 35 20 1 11 15 28 44 49 17
10 18 12 39 34 21 40 22 25 42 33
10 2 19 37 6 3 47 27 8 23 30
10 18 12 39 34 21 40 22 25 42 33
10 43 35 20 1 11 15 28 44 49 17
10 4 38 14 5 45 48 7 16 29 50
0
10 43 35 20 1 11 15 28 44 49 17
10 18 12 39 34 21 40 22 25 42 33
10 18 12 39 34 21 40 22 25 42 33
10 2 19 37 6 3 47 27 8 23 30
10 2 19 37 6 3 47 27 8 23 30
10 4 38 14 5 45 48 7 16 29 50
10 18 12 39 34 21 40 22 25 42 33
10 43 35 20 1 11 15 28 44 49 17
0
10 2 19 37 6 3 47 27 8 23 30
10 2 19 37 6 3 47 27 8 23 30
10 18 12 39 34 21 40 22 25 42 33
10 2 19 37 6 3 47 27 8 23 30
10 4 38 14 5 45 48 7 16 29 50
10 4 38 14 5 45 48 7 16 29 50
0
10 18 12 39 34 21 40 22 25 42 33
10 43 35 20 1 11 15 28 44 49 17
0
10 4 38 14 5 45 48 7 16 29 50
0
5
0
0
4 2 4 1 5
0
0
5
1 5
0
2 4 2
0
1 4
5
1 2
0
1 2
0
2 4 2
5
1 5
0
1 2
1 2
1 2
5
2 4 3
0
2 2 4
0
0
50
2 26 23
1 30
2 10 46
1 50
1 6
1 48
1 27
1 38
0
2 34 15
0
1 8
0
1 22
0
1 47
0
0
1 50
0
1 23
1 24
0
0
1 10
1 43
0
3 34 14 26
1 1
1 23
1 38
0
3 20 13 21
1 8
0
0
1 18
0
0
3 43 22 37
2 7 1
0
3 45 50 42
1 18
2 9 8
2 49 27
1 50
2 42 43
1 7
2 9 8
50
1 4
0
0
1 5
0
0
0
1 29
1 18
2 37 29
0
0
1 28
0
0
1 50
5 45 20 15 32 11
1 32
1 39
1 44
1 50
0
2 29 35
3 40 39 9
0
2 14 35
2 12 11
2 43 25
0
2 4 32
1 22
1 36
2 3 5
0
0
0
0
0
1 22
1 50
1 3
1 9
1 40
1 34
6 14 15 18 44 7 6
0
0
2 7 21
2 11 50
0
43
0
1 42
1 37
0
1 33
2 34 29
0
1 13
1 23
1 17
3 1 12 20
1 38
0
1 31
2 1 30
0
2 21 39
1 15
0
0
0
3 16 34 15
1 39
0
3 40 6 15
1 21
6 15 10 34 4 21 3
1 19
1 31
0
0
1 42
3 34 17 2
0
2 34 29
1 5
0
0
0
1 37
0
0
1 10
50
0
0
0
4 49 5 44 19
2 21 8
0
0
1 46
0
0
2 10 3
1 19
0
1 3
3 33 18 41
2 29 48
0
0
0
1 40
1 17
0
0
3 30 12 23
0
0
2 23 8
2 12 19
2 18 17
1 38
0
0
0
2 41 17
1 48
1 12
4 20 24 34 35
0
1 3
1 36
1 23
4 8 1 24 21
1 15
0
4 7 22 6 44
0
1 16
0
1 24
0
50
2 21 26
0
0
1 21
0
6 28 31 2 10 29 42
1 8
1 41
0
2 21 43
3 34 23 15
2 35 29
3 39 29 17
1 1
1 44
1 39
1 15
0
0
2 39 36
0
1 2
0
1 5
0
2 24 43
0
2 17 42
0
0
0
2 27 11
1 17
0
0
3 19 8 15
0
2 35 44
0
4 9 24 34 27
1 31
0
0
0
1 25
0
1 34
0
1 41
1 34
47
3 33 9 18
0
0
1 32
2 24 21
0
2 46 32
1 29
0
1 35
1 10
3 17 1 47
2 40 44
1 15
0
0
0
3 28 22 17
0
2 24 30
1 30
0
2 44 15
0
1 27
2 31 35
2 44 17
2 33 46
0
0
1 46
0
1 16
1 35
0
1 22
0
0
0
1 33
3 9 24 35
2 9 38
1 3
0
3 8 20 11
0
1 19
47
0
1 21
5 22 47 9 29 31
1 23
0
1 32
2 20 29
0
1 31
0
0
0
1 19
3 23 6 41
2 43 1
1 28
2 21 30
2 24 1
1 47
0
0
0
2 9 12
0
3 40 31 8
0
3 38 19 24
1 29
0
0
0
1 35
1 23
1 24
0
1 20
1 9
2 21 24
1 21
1 37
0
0
3 28 12 1
1 9
1 38
0
1 9
49
1 26
0
0
0
0
1 48
2 30 19
1 5
0
2 45 34
0
0
0
1 12
0
0
0
1 26
0
0
2 41 36
1 48
1 7
0
0
0
3 13 36 32
0
0
0
1 25
1 2
4 43 18 34 44
0
2 29 23
1 26
0
2 33 35
1 33
1 11
0
1 3
0
0
0
0
1 48
0
1 5
45
0
1 33
1 5
2 32 28
0
0
0
0
1 43
0
2 35 5
2 31 38
1 23
0
5 40 6 24 29 2
1 35
1 1
0
0
0
1 27
1 7
0
0
0
0
0
2 10 18
0
1 17
0
2 26 23
0
0
0
0
2 23 26
1 26
0
0
0
0
0
3 5 36 17
0
41
1 26
0
0
1 24
0
0
2 17 36
0
1 38
1 33
1 27
0
4 29 17 41 33
1 2
1 12
0
0
0
0
0
2 11 17
0
0
0
1 11
3 3 5 22
1 5
0
0
0
3 26 15 28
0
0
1 36
0
0
0
2 32 7
0
0
1 16
41
0
0
2 33 34
0
0
1 20
0
0
0
0
0
3 37 35 26
0
1 32
1 20
1 21
1 21
1 38
2 34 2
0
0
0
0
1 15
0
0
0
1 9
0
4 36 11 37 6
1 37
1 20
1 21
2 29 37
1 27
1 29
0
0
1 20
0
0
47
0
2 12 36
3 42 19 27
0
0
0
0
0
0
0
2 27 40
0
0
1 29
2 19 37
0
0
1 6
0
0
0
0
2 31 38
1 27
1 34
0
0
1 29
0
0
3 19 35 45
0
1 37
0
0
0
1 29
0
1 36
1 29
1 2
2 7 16
2 35 39
1 12
0
1 19
1 22
44
1 25
2 18 9
1 1
0
0
2 24 25
0
0
1 40
0
0
1 18
0
0
0
0
0
1 38
0
0
0
1 15
0
0
1 5
1 12
4 6 39 1 25
1 19
1 14
2 6 9
1 18
0
0
0
1 3
1 18
0
0
2 6 14
0
3 16 34 44
1 13
0
0
40
0
1 3
0
2 34 9
0
1 38
0
0
0
0
0
0
0
0
0
2 9 38
0
0
0
1 9
1 18
0
0
1 12
1 9
1 39
2 8 7
0
2 15 12
2 8 7
1 18
3 17 36 20
2 18 17
0
0
1 17
0
1 3
0
1 29
48
0
1 37
0
0
1 32
0
0
1 26
0
0
1 22
0
2 6 38
1 48
0
1 14
0
2 39 31
2 3 17
2 29 9
1 39
0
1 10
1 38
0
0
2 30 26
1 6
2 39 36
0
0
0
2 48 38
0
1 27
0
0
0
0
0
3 36 11 13
1 44
0
1 32
1 9
0
1 29
0
42
0
0
0
1 19
3 14 18 11
0
0
1 10
0
0
2 8 36
0
0
1 15
1 17
0
0
0
0
1 17
2 38 15
0
1 9
0
2 26 12
1 36
1 23
0
0
0
4 10 28 32 35
1 1
0
1 39
0
0
2 42 12
0
0
1 24
1 9
1 10
50
0
1 18
0
1 41
0
0
0
0
0
0
0
1 6
1 23
0
0
0
2 40 7
0
0
2 16 10
0
1 7
2 22 17
0
1 21
0
0
0
0
4 47 24 48 17
0
0
1 7
1 8
1 41
0
1 26
1 26
0
1 11
0
0
2 7 10
1 8
1 1
2 45 16
1 10
1 6
1 1
2 25 36
49
1 45
0
1 1
0
0
0
0
0
2 19 21
0
0
1 33
0
1 8
0
1 15
1 13
3 35 16 4
1 45
1 36
0
1 13
3 34 31 37
1 25
0
0
1 8
0
1 26
0
0
0
2 11 1
0
0
0
1 16
2 1 28
2 45 5
0
0
1 47
2 48 31
1 46
0
0
1 34
0
0
46
2 45 38
0
0
1 35
0
1 44
0
0
0
0
1 14
0
0
0
2 36 5
0
0
0
2 31 35
1 12
0
0
0
0
0
1 8
0
1 12
0
0
0
0
0
0
0
0
1 22
0
1 42
0
0
0
1 38
0
0
0
40
0
0
0
0
0
0
0
0
0
0
1 6
1 3
0
0
0
0
0
0
0
1 28
0
1 3
0
2 26 8
2 32 13
0
0
0
2 15 13
0
0
0
1 32
0
0
1 25
0
0
1 7
0
47
0
0
2 5 13
0
1 39
0
0
0
0
1 7
1 6
0
0
1 31
0
0
0
0
0
0
0
0
0
0
1 39
0
0
0
0
0
1 11
0
0
1 27
2 41 25
0
0
1 31
0
0
0
1 16
0
0
2 33 47
0
0
46
0
0
0
0
0
0
0
1 31
0
0
0
1 40
0
0
2 38 42
1 10
0
0
0
0
2 6 33
0
0
0
0
0
0
1 45
1 9
1 41
0
0
0
0
2 3 24
0
0
1 31
0
0
0
0
0
0
1 11
1 33
50
3 32 8 12
0
0
2 49 45
0
1 27
0
0
0
0
0
0
0
0
0
0
0
0
0
0
0
0
0
1 2
1 47
0
0
0
0
1 38
0
1 26
0
0
0
2 44 35
0
0
0
3 10 22 11
0
0
0
0
1 19
0
0
0
0
0
48
1 46
0
0
1 13
0
0
0
0
0
0
0
0
1 6
0
0
0
0
0
0
0
0
1 42
0
0
0
3 16 34 23
0
0
0
0
0
0
0
0
1 29
0
1 35
0
1 44
4 2 19 35 27
0
0
0
0
0
0
0
2 45 18
45
0
1 14
0
0
0
0
1 32
1 14
0
1 38
0
0
1 32
0
0
0
0
0
0
0
0
1 6
0
0
0
0
0
0
1 31
0
0
0
1 12
1 13
0
0
2 42 15
1 20
0
0
1 12
2 25 21
0
0
0
