100
3 1 5 15 13 11
3 0 8 23 22 21
3 3 7 17 11 21
1 0 4 9
3 0 5 23 14 3
2 0 10 30 30
3 1 9 16 23 24
3 2 3 5 6 6
1 0 3 6
2 1 5 19 3
2 0 5 30 5
3 3 0 6 20 6
3 2 5 2 9 28
2 2 2 15 17
3 0 0 30 30 30
3 1 3 5 24 6
2 2 10 3 12
3 2 10 7 6 19
3 0 7 11 9 12
1 1 8 16
2 2 4 7 21
1 0 3 5
2 0 9 17 9
1 1 1 2
3 0 3 6 26 6
1 1 2 20
1 0 10 0
2 0 5 11 8
1 0 4 9
3 0 7 0 5 26
2 0 1 3 26
1 0 3 6
1 0 3 5
1 0 5 11
1 0 3 5
3 3 8 11 6 17
3 0 9 23 7 24
3 0 10 4 24 17
2 1 2 2 3
2 1 7 15 0
2 0 5 15 9
3 0 0 17 26 25
2 2 2 24 15
2 0 6 15 21
2 0 4 9 9
1 0 8 20
1 1 5 4
3 0 8 20 21 3
2 1 4 8 8
2 0 0 0 13
2 0 10 24 26
2 0 8 2 15
1 1 0 24
2 0 9 16 26
3 2 8 21 21 21
3 0 9 24 23 23
2 2 6 19 18
2 0 3 6 6
3 0 10 28 6 19
1 0 7 18
2 0 3 6 25
2 0 3 19 4
3 1 4 1 11 30
1 0 4 8
3 0 8 6 7 22
1 0 9 20
2 1 8 9 3
2 1 1 10 0
3 0 4 8 9 28
1 1 6 20
1 0 7 17
2 2 0 8 8
2 0 7 26 22
3 0 0 0 0 0
1 1 6 6
2 0 3 5 29
2 0 2 0 29
2 0 1 24 14
3 0 10 4 21 20
2 2 1 16 23
2 0 0 18 4
2 0 2 7 3
1 0 9 0
1 1 0 8
3 0 5 20 11 12
1 0 1 18
3 0 9 18 7 23
2 0 4 5 9
2 0 3 6 6
1 0 3 6
1 0 7 14
2 1 8 0 11
2 0 10 27 27
3 0 1 20 13 30
2 2 0 13 22
1 0 2 3
3 3 9 17 2 9
1 0 7 18
1 0 0 25
1 0 1 0
