100
4 24 12
9 6 44
8 77 53
7 30 76
8 100 0
10 81 37
10 64 76
10 61 94
7 13 9
2 0 100
5 31 84
6 75 6
2 40 35
2 22 26
2 75 1
5 80 93
3 8 10
7 100 100
2 50 78
3 16 18
10 84 38
1 43 0
4 80 65
10 21 85
10 92 21
5 87 47
6 88 3
2 26 19
4 87 87
9 20 22
3 14 83
10 59 93
8 43 80
10 74 24
5 8 99
4 20 15
9 80 61
3 42 15
3 80 77
7 70 43
7 34 39
6 50 0
3 84 88
2 61 94
2 50 82
2 49 18
10 76 1
10 45 78
7 66 99
3 39 20
10 5 81
1 50 27
6 58 97
6 25 33
4 14 18
6 56 20
10 10 50
7 14 4
2 2 78
10 35 82
5 0 0
10 10 62
10 74 0
2 95 89
7 88 47
1 81 100
5 60 95
6 31 54
9 10 24
2 50 31
5 7 17
10 30 95
10 2 81
9 91 13
3 72 39
5 38 46
10 10 47
6 80 26
4 75 24
6 53 86
1 50 69
2 10 9
10 31 68
10 74 38
1 80 16
2 50 100
2 80 14
3 25 33
9 8 2
6 85 75
1 17 63
2 75 47
9 2 12
8 24 63
8 63 72
7 77 98
10 54 90
6 97 12
1 50 34
5 95 89
